1737839411969 0.06817213463996591 10
1737839426302 0.13634426927993182 20
1737839441400 0.20451640391989775 30
1737839456096 0.27268853855986364 40
1737839470613 0.34086067319982954 50
1737839485263 0.4090328078397955 60
1737839499903 0.4772049424797614 70
1737839513989 0.5453770771197273 80
1737839529053 0.6135492117596932 90
1737839544058 0.6817213463996591 100
1737839558379 0.749893481039625 110
1737839573081 0.818065615679591 120
1737839587946 0.8862377503195569 130
1737839602665 0.9544098849595228 140
1737839616380 0.9953131657435024 146
